Rocchio

50:50 -- 89.88%

True vs Predicted
[[ 499.    0.    0.    0.    1.]
 [  58.  441.    0.    0.    1.]
 [  81.    0.  418.    1.    0.]
 [  61.    0.    1.  434.    4.]
 [  36.    0.    0.    9.  455.]]

70:30 -- 92.33%

True vs Predicted
[[ 299.    0.    0.    0.    1.]
 [  21.  279.    0.    0.    0.]
 [  30.    1.  265.    2.    2.]
 [  26.    0.    2.  272.    0.]
 [  20.    1.    3.    6.  270.]]

80:20 -- 93.6%

True vs Predicted
[[ 198.    0.    0.    2.    0.]
 [   9.  191.    0.    0.    0.]
 [  22.    0.  178.    0.    0.]
 [  14.    0.    0.  186.    0.]
 [  15.    0.    0.    2.  183.]]

90:10 -- 93.8%

True vs Predicted
[[ 98.   0.   0.   1.   1.]
 [  7.  93.   0.   0.   0.]
 [ 12.   0.  88.   0.   0.]
 [  4.   0.   0.  96.   0.]
 [  5.   0.   0.   1.  94.]]



KNN

90:10 
1
Accuracy: 71.2 %
True vs Predicted
[[55. 43.  2.  0.  0.]
 [ 2. 98.  0.  0.  0.]
 [ 2. 30. 67.  1.  0.]
 [ 5. 22.  1. 72.  0.]
 [ 2. 33.  1.  0. 64.]]
2
Accuracy: 77.0 %
True vs Predicted
[[99.  1.  0.  0.  0.]
 [24. 76.  0.  0.  0.]
 [46. 32. 22.  0.  0.]
 [35. 23.  0. 42.  0.]
 [35. 40.  0.  0. 25.]]
3
Accuracy: 78.4 %
True vs Predicted
[[98.  1.  1.  0.  0.]
 [19. 81.  0.  0.  0.]
 [68.  3. 29.  0.  0.]
 [53.  1.  0. 46.  0.]
 [71.  2.  0.  0. 27.]]

80:20
1
Accuracy: 63.4 %
True vs Predicted
[[ 95. 103.   1.   0.   1.]
 [  1. 199.   0.   0.   0.]
 [  8.  92.  99.   1.   0.]
 [  4.  68.   0. 126.   2.]
 [  4.  76.   2.   3. 115.]]
2
Accuracy: 74.9 %
True vs Predicted
[[198.   2.   0.   0.   0.]
 [ 59. 141.   0.   0.   0.]
 [101.  63.  36.   0.   0.]
 [ 72.  55.   0.  73.   0.]
 [ 78.  76.   2.   2.  42.]]
3
Accuracy: 76.4 %
True vs Predicted
[[198.   1.   1.   0.   0.]
 [ 39. 161.   0.   0.   0.]
 [154.   5.  41.   0.   0.]
 [124.   2.   0.  74.   0.]
 [143.   8.   1.   2.  46.]]

70:30 
1
Accuracy: 62.133333333333326 %
True vs Predicted
[[138. 160.   1.   1.   0.]
 [  0. 300.   0.   0.   0.]
 [  3. 143. 154.   0.   0.]
 [  1. 106.   3. 189.   1.]
 [  1. 146.   2.   0. 151.]]
2
Accuracy: 80.13333333333334 %
True vs Predicted
[[286.  14.   0.   0.   0.]
 [ 58. 242.   0.   0.   0.]
 [ 97. 136.  67.   0.   0.]
 [ 65. 134.   2.  99.   0.]
 [ 93. 148.   1.   0.  58.]]
3
Accuracy: 77.46666666666667 %
True vs Predicted
[[225.  74.   0.   1.   0.]
 [ 20. 280.   0.   0.   0.]
 [135.  58. 107.   0.   0.]
 [108.  40.   2. 150.   0.]
 [127.  73.   2.   0.  98.]]

 50:50
 1
Accuracy: 54.44 %
True vs Predicted
[[202. 292.   3.   1.   2.]
 [ 10. 490.   0.   0.   0.]
 [ 14. 279. 205.   1.   1.]
 [ 18. 225.   1. 254.   2.]
 [ 19. 268.   2.   1. 210.]]
2
Accuracy: 67.96 %
True vs Predicted
[[496.   4.   0.   0.   0.]
 [232. 268.   0.   0.   0.]
 [292. 158.  50.   0.   0.]
 [236. 159.   0. 105.   0.]
 [299. 146.   2.   0.  53.]]
3
Accuracy: 77.88000000000001 %
True vs Predicted
[[450.  50.   0.   0.   0.]
 [ 71. 429.   0.   0.   0.]
 [349.  92.  59.   0.   0.]
 [338.  44.   0. 118.   0.]
 [347.  94.   0.   0.  59.]]


---Last try---

0.9
16803
14162
18282
16758
18013
5
Accuracy: 47.199999999999996 %
True vs Predicted
[[100.   0.   0.   0.   0.]
 [ 44.  56.   0.   0.   0.]
 [ 78.   0.  22.   0.   0.]
 [ 66.   0.   0.  34.   0.]
 [ 74.   2.   0.   0.  24.]]
0.8
15268
13735
17020
16001
16999
5
Accuracy: 44.800000000000004 %
True vs Predicted
[[199.   1.   0.   0.   0.]
 [ 85. 115.   0.   0.   0.]
 [160.   3.  37.   0.   0.]
 [140.   0.   0.  57.   3.]
 [155.   5.   0.   0.  40.]]
0.7
15217
12875
15867
15488
15980
5
Accuracy: 41.4 %
True vs Predicted
[[296.   4.   0.   0.   0.]
 [122. 177.   0.   1.   0.]
 [260.   3.  37.   0.   0.]
 [230.   1.   0.  68.   1.]
 [247.  11.   0.   0.  42.]]
0.5
12492
10877
13685
12825
13943
5
Accuracy: 36.68 %
True vs Predicted
[[499.   0.   0.   1.   0.]
 [327. 172.   0.   1.   0.]
 [421.   4.  75.   0.   0.]
 [385.   1.   2. 112.   0.]
 [433.   7.   0.   1.  59.]]

 0.9
18210
17923
16742
17112
14369
Accuracy: 69.8 %
True vs Predicted
[[ 100.    0.    0.    0.    0.]
 [  29.   71.    0.    0.    0.]
 [  39.    1.   60.    0.    0.]
 [  29.    0.    0.   71.    0.]
 [  53.    0.    0.    0.   47.]]
0.8
17086
17516
15646
16170
13675
Accuracy: 72.1 %
True vs Predicted
[[ 199.    1.    0.    0.    0.]
 [  57.  142.    0.    1.    0.]
 [  85.    1.  114.    0.    0.]
 [  53.    3.    0.  144.    0.]
 [  70.    8.    0.    0.  122.]]
0.7
15897
16059
14801
15012
12781
Accuracy: 53.86666666666666 %
True vs Predicted
[[ 299.    0.    0.    1.    0.]
 [ 148.  152.    0.    0.    0.]
 [ 210.    1.   88.    0.    1.]
 [ 143.    0.    0.  157.    0.]
 [ 187.    1.    0.    0.  112.]]
0.5
13514
13010
12703
11741
11186
Accuracy: 78.48 %
True vs Predicted
[[ 499.    0.    0.    1.    0.]
 [ 131.  368.    0.    0.    1.]
 [ 111.    0.  389.    0.    0.]
 [ 183.    0.    0.  315.    2.]
 [ 108.    1.    0.    0.  391.]]